5
0.0669872981077807
0.75
0.07767896975944043
0.75
0.0
1.0
0.00781261920928955
0.07767896975944043
0.75
0.0830248055852703
0.7592592592592593
0.0
1.0
0.015625178813934326
0.0830248055852703
0.7592592592592593
0.08837064141110015
0.75
0.0
1.0
0.0234377384185791
0.08837064141110015
0.75
0.0990623130627599
0.75
0.0
1.0
0.03125029802322388
0.0990623130627599
0.75
0.10440814888858976
0.7592592592592593
0.0
1.0
0.03906285762786865
0.10440814888858976
0.7592592592592593
0.0990623130627599
0.7685185185185185
0.0
1.0
0.04687541723251343
0.0990623130627599
0.7685185185185185
0.10975398471441963
0.7685185185185186
0.0
1.0
0.0546879768371582
0.10975398471441963
0.7685185185185186
0.1150998205402495
0.7777777777777778
0.0
1.0
0.06250053644180298
0.1150998205402495
0.7777777777777778
0.12044565636607936
0.7685185185185185
0.0
1.0
0.07031309604644775
0.12044565636607936
0.7685185185185185
0.1311373280177391
0.7685185185185185
0.0
1.0
0.07812565565109253
0.1311373280177391
0.7685185185185185
0.12579149219190922
0.7592592592592593
0.0
1.0
0.0859382152557373
0.12579149219190922
0.7592592592592593
0.13113732801773909
0.75
0.0
1.0
0.09375077486038208
0.13113732801773909
0.75
0.14182899966939883
0.75
0.0
1.0
0.10156333446502686
0.14182899966939883
0.75
0.1471748354952287
0.7592592592592593
0.0
1.0
0.10937589406967163
0.1471748354952287
0.7592592592592593
0.15252067132105857
0.75
0.0
1.0
0.1171884536743164
0.15252067132105857
0.75
0.1632123429727183
0.75
0.0
1.0
0.12500101327896118
0.1632123429727183
0.75
0.16855817879854817
0.7592592592592593
0.0
1.0
0.13281357288360596
0.16855817879854817
0.7592592592592593
0.1632123429727183
0.7685185185185185
0.0
1.0
0.14062613248825073
0.1632123429727183
0.7685185185185185
0.17390401462437804
0.7685185185185186
0.0
1.0
0.1484386920928955
0.17390401462437804
0.7685185185185186
0.17924985045020791
0.7777777777777778
0.0
1.0
0.15625125169754028
0.17924985045020791
0.7777777777777778
0.17390401462437804
0.7870370370370371
0.0
1.0
0.16406381130218506
0.17390401462437804
0.7870370370370371
0.1632123429727183
0.7870370370370371
0.0
1.0
0.17187637090682983
0.1632123429727183
0.7870370370370371
0.16855817879854817
0.7962962962962963
0.0
1.0
0.1796889305114746
0.16855817879854817
0.7962962962962963
0.16321234297271833
0.8055555555555556
0.0
1.0
0.18750149011611938
0.16321234297271833
0.8055555555555556
0.17390401462437807
0.8055555555555556
0.0
1.0
0.19531404972076416
0.17390401462437807
0.8055555555555556
0.17924985045020791
0.8148148148148149
0.0
1.0
0.20312660932540894
0.17924985045020791
0.8148148148148149
0.18459568627603778
0.8055555555555556
0.0
1.0
0.2109391689300537
0.18459568627603778
0.8055555555555556
0.19528735792769752
0.8055555555555556
0.0
1.0
0.2187517285346985
0.19528735792769752
0.8055555555555556
0.2006331937535274
0.8148148148148148
0.0
1.0
0.22656428813934326
0.2006331937535274
0.8148148148148148
0.19528735792769755
0.8240740740740741
0.0
1.0
0.23437684774398804
0.19528735792769755
0.8240740740740741
0.20597902957935726
0.824074074074074
0.0
1.0
0.2421894073486328
0.20597902957935726
0.824074074074074
0.21132486540518713
0.8333333333333333
0.0
1.0
0.2500019669532776
0.21132486540518713
0.8333333333333333
0.216670701231017
0.824074074074074
0.0
1.0
0.25781452655792236
0.216670701231017
0.824074074074074
0.22736237288267674
0.824074074074074
0.0
1.0
0.26562708616256714
0.22736237288267674
0.824074074074074
0.22201653705684687
0.8148148148148147
0.0
1.0
0.2734396457672119
0.22201653705684687
0.8148148148148147
0.22736237288267672
0.8055555555555555
0.0
1.0
0.2812522053718567
0.22736237288267672
0.8055555555555555
0.23805404453433646
0.8055555555555555
0.0
1.0
0.28906476497650146
0.23805404453433646
0.8055555555555555
0.2433998803601663
0.8148148148148148
0.0
1.0
0.29687732458114624
0.2433998803601663
0.8148148148148148
0.24874571618599617
0.8055555555555555
0.0
1.0
0.304689884185791
0.24874571618599617
0.8055555555555555
0.2594373878376559
0.8055555555555555
0.0
1.0
0.3125024437904358
0.2594373878376559
0.8055555555555555
0.25409155201182604
0.7962962962962962
0.0
1.0
0.32031500339508057
0.25409155201182604
0.7962962962962962
0.2594373878376559
0.787037037037037
0.0
1.0
0.32812756299972534
0.2594373878376559
0.787037037037037
0.24874571618599617
0.787037037037037
0.0
1.0
0.3359401226043701
0.24874571618599617
0.787037037037037
0.2433998803601663
0.7777777777777777
0.0
1.0
0.3437526822090149
0.2433998803601663
0.7777777777777777
0.24874571618599617
0.7685185185185185
0.0
1.0
0.35156524181365967
0.24874571618599617
0.7685185185185185
0.2594373878376559
0.7685185185185185
0.0
1.0
0.35937780141830444
0.2594373878376559
0.7685185185185185
0.25409155201182604
0.7592592592592593
0.0
1.0
0.3671903610229492
0.25409155201182604
0.7592592592592593
0.2594373878376559
0.75
0.0
1.0
0.375002920627594
0.2594373878376559
0.75
0.27012905948931565
0.75
0.0
1.0
0.38281548023223877
0.27012905948931565
0.75
0.2754748953151455
0.7592592592592593
0.0
1.0
0.39062803983688354
0.2754748953151455
0.7592592592592593
0.2808207311409754
0.75
0.0
1.0
0.3984405994415283
0.2808207311409754
0.75
0.29151240279263513
0.75
0.0
1.0
0.4062531590461731
0.29151240279263513
0.75
0.296858238618465
0.7592592592592593
0.0
1.0
0.41406571865081787
0.296858238618465
0.7592592592592593
0.29151240279263513
0.7685185185185185
0.0
1.0
0.42187827825546265
0.29151240279263513
0.7685185185185185
0.30220407444429487
0.7685185185185186
0.0
1.0
0.4296908378601074
0.30220407444429487
0.7685185185185186
0.30754991027012474
0.7777777777777778
0.0
1.0
0.4375033974647522
0.30754991027012474
0.7777777777777778
0.3128957460959546
0.7685185185185185
0.0
1.0
0.445315957069397
0.3128957460959546
0.7685185185185185
0.32358741774761435
0.7685185185185185
0.0
1.0
0.45312851667404175
0.32358741774761435
0.7685185185185185
0.3182415819217845
0.7592592592592593
0.0
1.0
0.4609410762786865
0.3182415819217845
0.7592592592592593
0.32358741774761435
0.75
0.0
1.0
0.4687536358833313
0.32358741774761435
0.75
0.3342790893992741
0.75
0.0
1.0
0.4765661954879761
0.3342790893992741
0.75
0.33962492522510396
0.7592592592592593
0.0
1.0
0.48437875509262085
0.33962492522510396
0.7592592592592593
0.3449707610509338
0.75
0.0
1.0
0.4921913146972656
0.3449707610509338
0.75
0.35566243270259357
0.75
0.0
1.0
0.5000038743019104
0.35566243270259357
0.75
0.36100826852842344
0.7592592592592593
0.0
1.0
0.5078164339065552
0.36100826852842344
0.7592592592592593
0.35566243270259357
0.7685185185185185
0.0
1.0
0.5156289935112
0.35566243270259357
0.7685185185185185
0.3663541043542533
0.7685185185185186
0.0
1.0
0.5234415531158447
0.3663541043542533
0.7685185185185186
0.3716999401800832
0.7777777777777778
0.0
1.0
0.5312541127204895
0.3716999401800832
0.7777777777777778
0.3663541043542533
0.7870370370370371
0.0
1.0
0.5390666723251343
0.3663541043542533
0.7870370370370371
0.35566243270259357
0.7870370370370371
0.0
1.0
0.546879231929779
0.35566243270259357
0.7870370370370371
0.36100826852842344
0.7962962962962963
0.0
1.0
0.5546917915344238
0.36100826852842344
0.7962962962962963
0.35566243270259357
0.8055555555555556
0.0
1.0
0.5625043511390686
0.35566243270259357
0.8055555555555556
0.3663541043542533
0.8055555555555556
0.0
1.0
0.5703169107437134
0.3663541043542533
0.8055555555555556
0.3716999401800832
0.8148148148148149
0.0
1.0
0.5781294703483582
0.3716999401800832
0.8148148148148149
0.37704577600591305
0.8055555555555556
0.0
1.0
0.5859420299530029
0.37704577600591305
0.8055555555555556
0.3877374476575728
0.8055555555555556
0.0
1.0
0.5937545895576477
0.3877374476575728
0.8055555555555556
0.39308328348340266
0.8148148148148149
0.0
1.0
0.6015671491622925
0.39308328348340266
0.8148148148148149
0.3877374476575728
0.8240740740740741
0.0
1.0
0.6093797087669373
0.3877374476575728
0.8240740740740741
0.3984291193092325
0.8240740740740742
0.0
1.0
0.617192268371582
0.3984291193092325
0.8240740740740742
0.4037749551350624
0.8333333333333334
0.0
1.0
0.6250048279762268
0.4037749551350624
0.8333333333333334
0.3984291193092325
0.8425925925925927
0.0
1.0
0.6328173875808716
0.3984291193092325
0.8425925925925927
0.3877374476575728
0.8425925925925927
0.0
1.0
0.6406299471855164
0.3877374476575728
0.8425925925925927
0.39308328348340266
0.8518518518518519
0.0
1.0
0.6484425067901611
0.39308328348340266
0.8518518518518519
0.3877374476575728
0.8611111111111112
0.0
1.0
0.6562550663948059
0.3877374476575728
0.8611111111111112
0.37704577600591305
0.8611111111111112
0.0
1.0
0.6640676259994507
0.37704577600591305
0.8611111111111112
0.37169994018008323
0.8518518518518519
0.0
1.0
0.6718801856040955
0.37169994018008323
0.8518518518518519
0.3663541043542533
0.8611111111111112
0.0
1.0
0.6796927452087402
0.3663541043542533
0.8611111111111112
0.35566243270259357
0.861111111111111
0.0
1.0
0.687505304813385
0.35566243270259357
0.861111111111111
0.36100826852842344
0.8703703703703703
0.0
1.0
0.6953178644180298
0.36100826852842344
0.8703703703703703
0.35566243270259357
0.8796296296296295
0.0
1.0
0.7031304240226746
0.35566243270259357
0.8796296296296295
0.3663541043542533
0.8796296296296295
0.0
1.0
0.7109429836273193
0.3663541043542533
0.8796296296296295
0.3716999401800832
0.8888888888888888
0.0
1.0
0.7187555432319641
0.3716999401800832
0.8888888888888888
0.3663541043542533
0.8981481481481481
0.0
1.0
0.7265681028366089
0.3663541043542533
0.8981481481481481
0.35566243270259357
0.8981481481481481
0.0
1.0
0.7343806624412537
0.35566243270259357
0.8981481481481481
0.36100826852842344
0.9074074074074074
0.0
1.0
0.7421932220458984
0.36100826852842344
0.9074074074074074
0.35566243270259357
0.9166666666666666
0.0
1.0
0.7500057816505432
0.35566243270259357
0.9166666666666666
0.3663541043542533
0.9166666666666666
0.0
1.0
0.757818341255188
0.3663541043542533
0.9166666666666666
0.3716999401800832
0.9259259259259259
0.0
1.0
0.7656309008598328
0.3716999401800832
0.9259259259259259
0.37704577600591305
0.9166666666666666
0.0
1.0
0.7734434604644775
0.37704577600591305
0.9166666666666666
0.3877374476575728
0.9166666666666666
0.0
1.0
0.7812560200691223
0.3877374476575728
0.9166666666666666
0.39308328348340266
0.9259259259259259
0.0
1.0
0.7890685796737671
0.39308328348340266
0.9259259259259259
0.3877374476575728
0.9351851851851851
0.0
1.0
0.7968811392784119
0.3877374476575728
0.9351851851851851
0.3984291193092325
0.9351851851851851
0.0
1.0
0.8046936988830566
0.3984291193092325
0.9351851851851851
0.40377495513506234
0.9444444444444444
0.0
1.0
0.8125062584877014
0.40377495513506234
0.9444444444444444
0.4091207909608922
0.9351851851851852
0.0
1.0
0.8203188180923462
0.4091207909608922
0.9351851851851852
0.41981246261255195
0.9351851851851852
0.0
1.0
0.828131377696991
0.41981246261255195
0.9351851851851852
0.4144666267867221
0.925925925925926
0.0
1.0
0.8359439373016357
0.4144666267867221
0.925925925925926
0.419812462612552
0.9166666666666667
0.0
1.0
0.8437564969062805
0.419812462612552
0.9166666666666667
0.43050413426421175
0.9166666666666667
0.0
1.0
0.8515690565109253
0.43050413426421175
0.9166666666666667
0.4358499700900416
0.925925925925926
0.0
1.0
0.8593816161155701
0.4358499700900416
0.925925925925926
0.4411958059158715
0.9166666666666667
0.0
1.0
0.8671941757202148
0.4411958059158715
0.9166666666666667
0.4518874775675312
0.9166666666666667
0.0
1.0
0.8750067353248596
0.4518874775675312
0.9166666666666667
0.4572333133933611
0.925925925925926
0.0
1.0
0.8828192949295044
0.4572333133933611
0.925925925925926
0.4518874775675312
0.9351851851851852
0.0
1.0
0.8906318545341492
0.4518874775675312
0.9351851851851852
0.46257914921919097
0.9351851851851853
0.0
1.0
0.898444414138794
0.46257914921919097
0.9351851851851853
0.46792498504502084
0.9444444444444445
0.0
1.0
0.9062569737434387
0.46792498504502084
0.9444444444444445
0.46257914921919097
0.9537037037037037
0.0
1.0
0.9140695333480835
0.46257914921919097
0.9537037037037037
0.4518874775675312
0.9537037037037037
0.0
1.0
0.9218820929527283
0.4518874775675312
0.9537037037037037
0.4572333133933611
0.962962962962963
0.0
1.0
0.929694652557373
0.4572333133933611
0.962962962962963
0.4518874775675312
0.9722222222222222
0.0
1.0
0.9375072121620178
0.4518874775675312
0.9722222222222222
0.46257914921919097
0.9722222222222222
0.0
1.0
0.9453197717666626
0.46257914921919097
0.9722222222222222
0.4679249850450208
0.9814814814814815
0.0
1.0
0.9531323313713074
0.4679249850450208
0.9814814814814815
0.4732708208708507
0.9722222222222223
0.0
1.0
0.9609448909759521
0.4732708208708507
0.9722222222222223
0.48396249252251045
0.9722222222222223
0.0
1.0
0.9687574505805969
0.48396249252251045
0.9722222222222223
0.4893083283483403
0.9814814814814815
0.0
1.0
0.9765700101852417
0.4893083283483403
0.9814814814814815
0.48396249252251045
0.9907407407407408
0.0
1.0
0.9843825697898865
0.48396249252251045
0.9907407407407408
0.4946541641741702
0.9907407407407407
0.0
1.0
0.9921951293945312
0.4946541641741702
0.9907407407407407
0.5
1.0
0.0
0.9999924898147583
1.0
0.5
1.0
0.5053458358258298
0.9907407407407407
0.0
0.9921801090240479
1.0
0.5053458358258298
0.9907407407407407
0.5160375074774896
0.9907407407407407
0.0
0.9843677282333374
1.0
0.5160375074774896
0.9907407407407407
0.5106916716516596
0.9814814814814814
0.0
0.976555347442627
1.0
0.5106916716516596
0.9814814814814814
0.5160375074774896
0.9722222222222222
0.0
0.9687429666519165
1.0
0.5160375074774896
0.9722222222222222
0.5267291791291493
0.9722222222222222
0.0
0.960930585861206
1.0
0.5267291791291493
0.9722222222222222
0.5320750149549791
0.9814814814814815
0.0
0.9531182050704956
1.0
0.5320750149549791
0.9814814814814815
0.537420850780809
0.9722222222222222
0.0
0.9453058242797852
1.0
0.537420850780809
0.9722222222222222
0.5481125224324688
0.9722222222222222
0.0
0.9374934434890747
1.0
0.5481125224324688
0.9722222222222222
0.5427666866066388
0.9629629629629629
0.0
0.9296810626983643
1.0
0.5427666866066388
0.9629629629629629
0.5481125224324688
0.9537037037037037
0.0
0.9218686819076538
1.0
0.5481125224324688
0.9537037037037037
0.5374208507808089
0.9537037037037037
0.0
0.9140563011169434
1.0
0.5374208507808089
0.9537037037037037
0.5320750149549791
0.9444444444444444
0.0
0.9062439203262329
1.0
0.5320750149549791
0.9444444444444444
0.537420850780809
0.9351851851851851
0.0
0.8984315395355225
1.0
0.537420850780809
0.9351851851851851
0.5481125224324688
0.9351851851851851
0.0
0.890619158744812
1.0
0.5481125224324688
0.9351851851851851
0.542766686606639
0.9259259259259258
0.0
0.8828067779541016
1.0
0.542766686606639
0.9259259259259258
0.5481125224324688
0.9166666666666666
0.0
0.8749943971633911
1.0
0.5481125224324688
0.9166666666666666
0.5588041940841285
0.9166666666666666
0.0
0.8671820163726807
1.0
0.5588041940841285
0.9166666666666666
0.5641500299099584
0.9259259259259259
0.0
0.8593696355819702
1.0
0.5641500299099584
0.9259259259259259
0.5694958657357883
0.9166666666666666
0.0
0.8515572547912598
1.0
0.5694958657357883
0.9166666666666666
0.580187537387448
0.9166666666666666
0.0
0.8437448740005493
1.0
0.580187537387448
0.9166666666666666
0.5855333732132778
0.9259259259259259
0.0
0.8359324932098389
1.0
0.5855333732132778
0.9259259259259259
0.580187537387448
0.9351851851851851
0.0
0.8281201124191284
1.0
0.580187537387448
0.9351851851851851
0.5908792090391077
0.9351851851851851
0.0
0.820307731628418
1.0
0.5908792090391077
0.9351851851851851
0.5962250448649375
0.9444444444444444
0.0
0.8124953508377075
1.0
0.5962250448649375
0.9444444444444444
0.6015708806907675
0.9351851851851851
0.0
0.8046829700469971
1.0
0.6015708806907675
0.9351851851851851
0.6122625523424272
0.9351851851851851
0.0
0.7968705892562866
1.0
0.6122625523424272
0.9351851851851851
0.6069167165165974
0.9259259259259258
0.0
0.7890582084655762
1.0
0.6069167165165974
0.9259259259259258
0.6122625523424272
0.9166666666666666
0.0
0.7812458276748657
1.0
0.6122625523424272
0.9166666666666666
0.622954223994087
0.9166666666666666
0.0
0.7734334468841553
1.0
0.622954223994087
0.9166666666666666
0.6283000598199169
0.9259259259259259
0.0
0.7656210660934448
1.0
0.6283000598199169
0.9259259259259259
0.6336458956457467
0.9166666666666666
0.0
0.7578086853027344
1.0
0.6336458956457467
0.9166666666666666
0.6443375672974064
0.9166666666666666
0.0
0.7499963045120239
1.0
0.6443375672974064
0.9166666666666666
0.6389917314715765
0.9074074074074073
0.0
0.7421839237213135
1.0
0.6389917314715765
0.9074074074074073
0.6443375672974064
0.8981481481481481
0.0
0.734371542930603
1.0
0.6443375672974064
0.8981481481481481
0.6336458956457467
0.8981481481481481
0.0
0.7265591621398926
1.0
0.6336458956457467
0.8981481481481481
0.6283000598199168
0.8888888888888888
0.0
0.7187467813491821
1.0
0.6283000598199168
0.8888888888888888
0.6336458956457467
0.8796296296296295
0.0
0.7109344005584717
1.0
0.6336458956457467
0.8796296296296295
0.6443375672974064
0.8796296296296295
0.0
0.7031220197677612
1.0
0.6443375672974064
0.8796296296296295
0.6389917314715765
0.8703703703703702
0.0
0.6953096389770508
1.0
0.6389917314715765
0.8703703703703702
0.6443375672974064
0.861111111111111
0.0
0.6874972581863403
1.0
0.6443375672974064
0.861111111111111
0.6336458956457467
0.861111111111111
0.0
0.6796848773956299
1.0
0.6336458956457467
0.861111111111111
0.6283000598199168
0.8518518518518517
0.0
0.6718724966049194
1.0
0.6283000598199168
0.8518518518518517
0.622954223994087
0.861111111111111
0.0
0.664060115814209
1.0
0.622954223994087
0.861111111111111
0.6122625523424272
0.861111111111111
0.0
0.6562477350234985
1.0
0.6122625523424272
0.861111111111111
0.6069167165165973
0.8518518518518517
0.0
0.6484353542327881
1.0
0.6069167165165973
0.8518518518518517
0.6122625523424272
0.8425925925925926
0.0
0.6406229734420776
1.0
0.6122625523424272
0.8425925925925926
0.6015708806907674
0.8425925925925926
0.0
0.6328105926513672
1.0
0.6015708806907674
0.8425925925925926
0.5962250448649375
0.8333333333333333
0.0
0.6249982118606567
1.0
0.5962250448649375
0.8333333333333333
0.6015708806907675
0.824074074074074
0.0
0.6171858310699463
1.0
0.6015708806907675
0.824074074074074
0.6122625523424272
0.824074074074074
0.0
0.6093734502792358
1.0
0.6122625523424272
0.824074074074074
0.6069167165165974
0.8148148148148147
0.0
0.6015610694885254
1.0
0.6069167165165974
0.8148148148148147
0.6122625523424272
0.8055555555555555
0.0
0.5937486886978149
1.0
0.6122625523424272
0.8055555555555555
0.622954223994087
0.8055555555555555
0.0
0.5859363079071045
1.0
0.622954223994087
0.8055555555555555
0.6283000598199168
0.8148148148148148
0.0
0.578123927116394
1.0
0.6283000598199168
0.8148148148148148
0.6336458956457467
0.8055555555555556
0.0
0.5703115463256836
1.0
0.6336458956457467
0.8055555555555556
0.6443375672974063
0.8055555555555556
0.0
0.5624991655349731
1.0
0.6443375672974063
0.8055555555555556
0.6389917314715765
0.7962962962962963
0.0
0.5546867847442627
1.0
0.6389917314715765
0.7962962962962963
0.6443375672974064
0.7870370370370371
0.0
0.5468744039535522
1.0
0.6443375672974064
0.7870370370370371
0.6336458956457467
0.787037037037037
0.0
0.5390620231628418
1.0
0.6336458956457467
0.787037037037037
0.6283000598199169
0.7777777777777777
0.0
0.5312496423721313
1.0
0.6283000598199169
0.7777777777777777
0.6336458956457467
0.7685185185185185
0.0
0.5234372615814209
1.0
0.6336458956457467
0.7685185185185185
0.6443375672974064
0.7685185185185185
0.0
0.5156248807907104
1.0
0.6443375672974064
0.7685185185185185
0.6389917314715765
0.7592592592592593
0.0
0.5078125
1.0
0.6389917314715765
0.7592592592592593
0.6443375672974064
0.75
0.0
0.5000001192092896
1.0
0.6443375672974064
0.75
0.6550292389490662
0.75
0.0
0.4921877384185791
1.0
0.6550292389490662
0.75
0.660375074774896
0.7592592592592593
0.0
0.48437535762786865
1.0
0.660375074774896
0.7592592592592593
0.6657209106007259
0.75
0.0
0.4765629768371582
1.0
0.6657209106007259
0.75
0.6764125822523857
0.75
0.0
0.46875059604644775
1.0
0.6764125822523857
0.75
0.6817584180782156
0.7592592592592593
0.0
0.4609382152557373
1.0
0.6817584180782156
0.7592592592592593
0.6764125822523857
0.7685185185185186
0.0
0.45312583446502686
1.0
0.6764125822523857
0.7685185185185186
0.6871042539040455
0.7685185185185186
0.0
0.4453134536743164
1.0
0.6871042539040455
0.7685185185185186
0.6924500897298753
0.7777777777777778
0.0
0.43750107288360596
1.0
0.6924500897298753
0.7777777777777778
0.6977959255557051
0.7685185185185185
0.0
0.4296886920928955
1.0
0.6977959255557051
0.7685185185185185
0.7084875972073649
0.7685185185185185
0.0
0.42187631130218506
1.0
0.7084875972073649
0.7685185185185185
0.703141761381535
0.7592592592592593
0.0
0.4140639305114746
1.0
0.703141761381535
0.7592592592592593
0.7084875972073649
0.75
0.0
0.40625154972076416
1.0
0.7084875972073649
0.75
0.7191792688590246
0.75
0.0
0.3984391689300537
1.0
0.7191792688590246
0.75
0.7245251046848544
0.7592592592592593
0.0
0.39062678813934326
1.0
0.7245251046848544
0.7592592592592593
0.7298709405106844
0.75
0.0
0.3828144073486328
1.0
0.7298709405106844
0.75
0.7405626121623441
0.75
0.0
0.37500202655792236
1.0
0.7405626121623441
0.75
0.7459084479881739
0.7592592592592593
0.0
0.3671896457672119
1.0
0.7459084479881739
0.7592592592592593
0.7405626121623441
0.7685185185185185
0.0
0.35937726497650146
1.0
0.7405626121623441
0.7685185185185185
0.7512542838140037
0.7685185185185186
0.0
0.351564884185791
1.0
0.7512542838140037
0.7685185185185186
0.7566001196398336
0.7777777777777778
0.0
0.34375250339508057
1.0
0.7566001196398336
0.7777777777777778
0.7512542838140038
0.787037037037037
0.0
0.3359401226043701
1.0
0.7512542838140038
0.787037037037037
0.7405626121623441
0.787037037037037
0.0
0.32812774181365967
1.0
0.7405626121623441
0.787037037037037
0.7459084479881739
0.7962962962962963
0.0
0.3203153610229492
1.0
0.7459084479881739
0.7962962962962963
0.7405626121623441
0.8055555555555555
0.0
0.31250298023223877
1.0
0.7405626121623441
0.8055555555555555
0.7512542838140038
0.8055555555555555
0.0
0.3046905994415283
1.0
0.7512542838140038
0.8055555555555555
0.7566001196398336
0.8148148148148148
0.0
0.29687821865081787
1.0
0.7566001196398336
0.8148148148148148
0.7619459554656636
0.8055555555555556
0.0
0.2890658378601074
1.0
0.7619459554656636
0.8055555555555556
0.7726376271173232
0.8055555555555556
0.0
0.281253457069397
1.0
0.7726376271173232
0.8055555555555556
0.7779834629431531
0.8148148148148148
0.0
0.2734410762786865
1.0
0.7779834629431531
0.8148148148148148
0.7726376271173233
0.8240740740740741
0.0
0.2656286954879761
1.0
0.7726376271173233
0.8240740740740741
0.783329298768983
0.824074074074074
0.0
0.2578163146972656
1.0
0.783329298768983
0.824074074074074
0.7886751345948129
0.8333333333333333
0.0
0.2500039339065552
1.0
0.7886751345948129
0.8333333333333333
0.7940209704206427
0.824074074074074
0.0
0.24219155311584473
1.0
0.7940209704206427
0.824074074074074
0.8047126420723024
0.824074074074074
0.0
0.23437917232513428
1.0
0.8047126420723024
0.824074074074074
0.7993668062464725
0.8148148148148147
0.0
0.22656679153442383
1.0
0.7993668062464725
0.8148148148148147
0.8047126420723024
0.8055555555555555
0.0
0.21875441074371338
1.0
0.8047126420723024
0.8055555555555555
0.8154043137239622
0.8055555555555555
0.0
0.21094202995300293
1.0
0.8154043137239622
0.8055555555555555
0.820750149549792
0.8148148148148148
0.0
0.20312964916229248
1.0
0.820750149549792
0.8148148148148148
0.8260959853756219
0.8055555555555555
0.0
0.19531726837158203
1.0
0.8260959853756219
0.8055555555555555
0.8367876570272816
0.8055555555555555
0.0
0.18750488758087158
1.0
0.8367876570272816
0.8055555555555555
0.8314418212014517
0.7962962962962962
0.0
0.17969250679016113
1.0
0.8314418212014517
0.7962962962962962
0.8367876570272816
0.787037037037037
0.0
0.17188012599945068
1.0
0.8367876570272816
0.787037037037037
0.8260959853756218
0.787037037037037
0.0
0.16406774520874023
1.0
0.8260959853756218
0.787037037037037
0.820750149549792
0.7777777777777777
0.0
0.15625536441802979
1.0
0.820750149549792
0.7777777777777777
0.8260959853756219
0.7685185185185185
0.0
0.14844298362731934
1.0
0.8260959853756219
0.7685185185185185
0.8367876570272815
0.7685185185185185
0.0
0.1406306028366089
1.0
0.8367876570272815
0.7685185185185185
0.8314418212014518
0.7592592592592593
0.0
0.13281822204589844
1.0
0.8314418212014518
0.7592592592592593
0.8367876570272816
0.75
0.0
0.125005841255188
1.0
0.8367876570272816
0.75
0.8474793286789414
0.75
0.0
0.11719346046447754
1.0
0.8474793286789414
0.75
0.8528251645047713
0.7592592592592593
0.0
0.10938107967376709
1.0
0.8528251645047713
0.7592592592592593
0.8581710003306011
0.75
0.0
0.10156869888305664
1.0
0.8581710003306011
0.75
0.8688626719822609
0.75
0.0
0.09375631809234619
1.0
0.8688626719822609
0.75
0.8742085078080907
0.7592592592592593
0.0
0.08594393730163574
1.0
0.8742085078080907
0.7592592592592593
0.8688626719822609
0.7685185185185185
0.0
0.07813155651092529
1.0
0.8688626719822609
0.7685185185185185
0.8795543436339206
0.7685185185185186
0.0
0.07031917572021484
1.0
0.8795543436339206
0.7685185185185186
0.8849001794597504
0.7777777777777778
0.0
0.0625067949295044
1.0
0.8849001794597504
0.7777777777777778
0.8902460152855803
0.7685185185185185
0.0
0.054694414138793945
1.0
0.8902460152855803
0.7685185185185185
0.9009376869372401
0.7685185185185185
0.0
0.046882033348083496
1.0
0.9009376869372401
0.7685185185185185
0.8955918511114103
0.7592592592592593
0.0
0.03906965255737305
1.0
0.8955918511114103
0.7592592592592593
0.9009376869372401
0.75
0.0
0.0312572717666626
1.0
0.9009376869372401
0.75
0.9116293585888998
0.75
0.0
0.02344489097595215
1.0
0.9116293585888998
0.75
0.9169751944147297
0.7592592592592593
0.0
0.0156325101852417
1.0
0.9169751944147297
0.7592592592592593
0.9223210302405596
0.75
0.0
0.00782012939453125
1.0
0.9223210302405596
0.75
0.9330127018922193
0.75
0.0
7.748603820800781E-6
1.0
0.5
0.0
0.49465416417417013
0.009259259259259259
1.0
0.0078125
0.0
0.49465416417417013
0.009259259259259259
0.4839624925225104
0.00925925925925926
1.0
0.015625
0.0
0.4839624925225104
0.00925925925925926
0.48930832834834026
0.018518518518518517
1.0
0.0234375
0.0
0.48930832834834026
0.018518518518518517
0.4839624925225104
0.027777777777777776
1.0
0.03125
0.0
0.4839624925225104
0.027777777777777776
0.47327082087085065
0.027777777777777776
1.0
0.0390625
0.0
0.47327082087085065
0.027777777777777776
0.4679249850450208
0.018518518518518517
1.0
0.046875
0.0
0.4679249850450208
0.018518518518518517
0.4625791492191909
0.027777777777777776
1.0
0.0546875
0.0
0.4625791492191909
0.027777777777777776
0.45188747756753117
0.02777777777777778
1.0
0.0624999962747097
0.0
0.45188747756753117
0.02777777777777778
0.45723331339336104
0.037037037037037035
1.0
0.0703124925494194
0.0
0.45723331339336104
0.037037037037037035
0.45188747756753117
0.046296296296296294
1.0
0.0781249925494194
0.0
0.45188747756753117
0.046296296296296294
0.4625791492191909
0.046296296296296294
1.0
0.0859374925494194
0.0
0.4625791492191909
0.046296296296296294
0.4679249850450208
0.05555555555555555
1.0
0.0937499850988388
0.0
0.4679249850450208
0.05555555555555555
0.4625791492191909
0.06481481481481481
1.0
0.1015624925494194
0.0
0.4625791492191909
0.06481481481481481
0.45188747756753117
0.06481481481481481
1.0
0.109375
0.0
0.45188747756753117
0.06481481481481481
0.45723331339336104
0.07407407407407407
1.0
0.1171875
0.0
0.45723331339336104
0.07407407407407407
0.45188747756753117
0.08333333333333333
1.0
0.125
0.0
0.45188747756753117
0.08333333333333333
0.44119580591587143
0.08333333333333333
1.0
0.1328125
0.0
0.44119580591587143
0.08333333333333333
0.43584997009004156
0.07407407407407407
1.0
0.1406250149011612
0.0
0.43584997009004156
0.07407407407407407
0.4305041342642117
0.08333333333333333
1.0
0.1484375149011612
0.0
0.4305041342642117
0.08333333333333333
0.41981246261255195
0.08333333333333333
1.0
0.1562500149011612
0.0
0.41981246261255195
0.08333333333333333
0.4144666267867221
0.07407407407407407
1.0
0.1640625298023224
0.0
0.4144666267867221
0.07407407407407407
0.41981246261255195
0.06481481481481483
1.0
0.1718750298023224
0.0
0.41981246261255195
0.06481481481481483
0.4091207909608922
0.06481481481481483
1.0
0.1796875298023224
0.0
0.4091207909608922
0.06481481481481483
0.40377495513506234
0.055555555555555566
1.0
0.1875000298023224
0.0
0.40377495513506234
0.055555555555555566
0.39842911930923247
0.06481481481481483
1.0
0.1953125149011612
0.0
0.39842911930923247
0.06481481481481483
0.3877374476575728
0.06481481481481484
1.0
0.203125
0.0
0.3877374476575728
0.06481481481481484
0.3930832834834026
0.07407407407407408
1.0
0.2109375
0.0
0.3930832834834026
0.07407407407407408
0.3877374476575728
0.08333333333333334
1.0
0.21875
0.0
0.3877374476575728
0.08333333333333334
0.37704577600591305
0.08333333333333334
1.0
0.2265624850988388
0.0
0.37704577600591305
0.08333333333333334
0.3716999401800832
0.07407407407407408
1.0
0.2343749701976776
0.0
0.3716999401800832
0.07407407407407408
0.3663541043542533
0.08333333333333334
1.0
0.2421874701976776
0.0
0.3663541043542533
0.08333333333333334
0.35566243270259357
0.08333333333333334
1.0
0.2499999701976776
0.0
0.35566243270259357
0.08333333333333334
0.36100826852842344
0.0925925925925926
1.0
0.2578124403953552
0.0
0.36100826852842344
0.0925925925925926
0.35566243270259357
0.10185185185185186
1.0
0.2656249403953552
0.0
0.35566243270259357
0.10185185185185186
0.3663541043542533
0.10185185185185186
1.0
0.2734374403953552
0.0
0.3663541043542533
0.10185185185185186
0.3716999401800832
0.11111111111111112
1.0
0.2812499403953552
0.0
0.3716999401800832
0.11111111111111112
0.3663541043542533
0.12037037037037038
1.0
0.2890624403953552
0.0
0.3663541043542533
0.12037037037037038
0.35566243270259357
0.12037037037037038
1.0
0.29687491059303284
0.0
0.35566243270259357
0.12037037037037038
0.36100826852842344
0.12962962962962965
1.0
0.30468741059303284
0.0
0.36100826852842344
0.12962962962962965
0.35566243270259357
0.1388888888888889
1.0
0.31249991059303284
0.0
0.35566243270259357
0.1388888888888889
0.3663541043542533
0.1388888888888889
1.0
0.32031238079071045
0.0
0.3663541043542533
0.1388888888888889
0.3716999401800832
0.14814814814814817
1.0
0.32812488079071045
0.0
0.3716999401800832
0.14814814814814817
0.37704577600591305
0.1388888888888889
1.0
0.33593738079071045
0.0
0.37704577600591305
0.1388888888888889
0.3877374476575728
0.1388888888888889
1.0
0.34374988079071045
0.0
0.3877374476575728
0.1388888888888889
0.39308328348340266
0.14814814814814814
1.0
0.35156238079071045
0.0
0.39308328348340266
0.14814814814814814
0.3877374476575728
0.15740740740740738
1.0
0.35937485098838806
0.0
0.3877374476575728
0.15740740740740738
0.3984291193092325
0.15740740740740738
1.0
0.36718735098838806
0.0
0.3984291193092325
0.15740740740740738
0.40377495513506234
0.16666666666666666
1.0
0.37499985098838806
0.0
0.40377495513506234
0.16666666666666666
0.39842911930923247
0.17592592592592593
1.0
0.3828123211860657
0.0
0.39842911930923247
0.17592592592592593
0.38773744765757273
0.17592592592592593
1.0
0.39062485098838806
0.0
0.38773744765757273
0.17592592592592593
0.3930832834834026
0.18518518518518517
1.0
0.39843738079071045
0.0
0.3930832834834026
0.18518518518518517
0.38773744765757273
0.19444444444444445
1.0
0.40624988079071045
0.0
0.38773744765757273
0.19444444444444445
0.377045776005913
0.19444444444444445
1.0
0.41406238079071045
0.0
0.377045776005913
0.19444444444444445
0.3716999401800831
0.1851851851851852
1.0
0.42187491059303284
0.0
0.3716999401800831
0.1851851851851852
0.3663541043542533
0.19444444444444445
1.0
0.4296874403953552
0.0
0.3663541043542533
0.19444444444444445
0.35566243270259357
0.19444444444444445
1.0
0.4374999403953552
0.0
0.35566243270259357
0.19444444444444445
0.36100826852842344
0.2037037037037037
1.0
0.4453124403953552
0.0
0.36100826852842344
0.2037037037037037
0.35566243270259357
0.21296296296296294
1.0
0.4531249701976776
0.0
0.35566243270259357
0.21296296296296294
0.3663541043542533
0.21296296296296297
1.0
0.4609375
0.0
0.3663541043542533
0.21296296296296297
0.3716999401800831
0.2222222222222222
1.0
0.46875
0.0
0.3716999401800831
0.2222222222222222
0.36635410435425325
0.23148148148148148
1.0
0.4765625
0.0
0.36635410435425325
0.23148148148148148
0.3556624327025935
0.23148148148148148
1.0
0.4843750298023224
0.0
0.3556624327025935
0.23148148148148148
0.3610082685284234
0.24074074074074076
1.0
0.4921875596046448
0.0
0.3610082685284234
0.24074074074074076
0.35566243270259357
0.25
1.0
0.5000000596046448
0.0
0.35566243270259357
0.25
0.3449707610509338
0.25
1.0
0.5078125596046448
0.0
0.3449707610509338
0.25
0.33962492522510396
0.24074074074074073
1.0
0.5156251192092896
0.0
0.33962492522510396
0.24074074074074073
0.3342790893992741
0.25
1.0
0.5234376192092896
0.0
0.3342790893992741
0.25
0.32358741774761435
0.25
1.0
0.5312501192092896
0.0
0.32358741774761435
0.25
0.3182415819217845
0.24074074074074076
1.0
0.5390626192092896
0.0
0.3182415819217845
0.24074074074074076
0.32358741774761435
0.23148148148148148
1.0
0.5468751192092896
0.0
0.32358741774761435
0.23148148148148148
0.3128957460959546
0.2314814814814815
1.0
0.5546876788139343
0.0
0.3128957460959546
0.2314814814814815
0.30754991027012474
0.22222222222222224
1.0
0.5625001788139343
0.0
0.30754991027012474
0.22222222222222224
0.30220407444429487
0.23148148148148148
1.0
0.5703126788139343
0.0
0.30220407444429487
0.23148148148148148
0.29151240279263513
0.23148148148148148
1.0
0.5781252384185791
0.0
0.29151240279263513
0.23148148148148148
0.296858238618465
0.24074074074074076
1.0
0.5859377384185791
0.0
0.296858238618465
0.24074074074074076
0.29151240279263513
0.25
1.0
0.5937502384185791
0.0
0.29151240279263513
0.25
0.2808207311409754
0.25
1.0
0.6015627384185791
0.0
0.2808207311409754
0.25
0.2754748953151455
0.24074074074074076
1.0
0.6093752384185791
0.0
0.2754748953151455
0.24074074074074076
0.27012905948931565
0.25
1.0
0.6171877980232239
0.0
0.27012905948931565
0.25
0.25943738783765596
0.25
1.0
0.6250002980232239
0.0
0.25943738783765596
0.25
0.2540915520118261
0.24074074074074076
1.0
0.6328127980232239
0.0
0.2540915520118261
0.24074074074074076
0.25943738783765596
0.23148148148148148
1.0
0.6406253576278687
0.0
0.25943738783765596
0.23148148148148148
0.24874571618599622
0.2314814814814815
1.0
0.6484378576278687
0.0
0.24874571618599622
0.2314814814814815
0.24339988036016635
0.22222222222222224
1.0
0.6562503576278687
0.0
0.24339988036016635
0.22222222222222224
0.2487457161859962
0.21296296296296297
1.0
0.6640628576278687
0.0
0.2487457161859962
0.21296296296296297
0.25943738783765596
0.21296296296296294
1.0
0.6718753576278687
0.0
0.25943738783765596
0.21296296296296294
0.25409155201182604
0.2037037037037037
1.0
0.6796879172325134
0.0
0.25409155201182604
0.2037037037037037
0.2594373878376559
0.19444444444444442
1.0
0.6875004172325134
0.0
0.2594373878376559
0.19444444444444442
0.2487457161859962
0.19444444444444445
1.0
0.6953129172325134
0.0
0.2487457161859962
0.19444444444444445
0.2433998803601663
0.1851851851851852
1.0
0.7031254768371582
0.0
0.2433998803601663
0.1851851851851852
0.23805404453433648
0.19444444444444448
1.0
0.7109379768371582
0.0
0.23805404453433648
0.19444444444444448
0.22736237288267674
0.19444444444444448
1.0
0.7187504768371582
0.0
0.22736237288267674
0.19444444444444448
0.22201653705684687
0.1851851851851852
1.0
0.7265629768371582
0.0
0.22201653705684687
0.1851851851851852
0.22736237288267672
0.17592592592592593
1.0
0.7343754768371582
0.0
0.22736237288267672
0.17592592592592593
0.216670701231017
0.17592592592592593
1.0
0.742188036441803
0.0
0.216670701231017
0.17592592592592593
0.2113248654051871
0.16666666666666669
1.0
0.750000536441803
0.0
0.2113248654051871
0.16666666666666669
0.20597902957935724
0.17592592592592593
1.0
0.7578129768371582
0.0
0.20597902957935724
0.17592592592592593
0.19528735792769752
0.17592592592592593
1.0
0.7656254768371582
0.0
0.19528735792769752
0.17592592592592593
0.2006331937535274
0.18518518518518517
1.0
0.7734379768371582
0.0
0.2006331937535274
0.18518518518518517
0.19528735792769752
0.19444444444444445
1.0
0.7812504172325134
0.0
0.19528735792769752
0.19444444444444445
0.18459568627603778
0.19444444444444445
1.0
0.7890628576278687
0.0
0.18459568627603778
0.19444444444444445
0.17924985045020791
0.1851851851851852
1.0
0.7968753576278687
0.0
0.17924985045020791
0.1851851851851852
0.17390401462437804
0.19444444444444448
1.0
0.8046878576278687
0.0
0.17390401462437804
0.19444444444444448
0.1632123429727183
0.19444444444444448
1.0
0.8125002980232239
0.0
0.1632123429727183
0.19444444444444448
0.16855817879854817
0.20370370370370372
1.0
0.8203127384185791
0.0
0.16855817879854817
0.20370370370370372
0.1632123429727183
0.21296296296296297
1.0
0.8281252384185791
0.0
0.1632123429727183
0.21296296296296297
0.17390401462437804
0.21296296296296297
1.0
0.8359377384185791
0.0
0.17390401462437804
0.21296296296296297
0.17924985045020791
0.2222222222222222
1.0
0.8437501788139343
0.0
0.17924985045020791
0.2222222222222222
0.17390401462437804
0.23148148148148148
1.0
0.8515626192092896
0.0
0.17390401462437804
0.23148148148148148
0.1632123429727183
0.23148148148148148
1.0
0.8593751192092896
0.0
0.1632123429727183
0.23148148148148148
0.16855817879854817
0.24074074074074076
1.0
0.8671876192092896
0.0
0.16855817879854817
0.24074074074074076
0.16321234297271833
0.25
1.0
0.8750000596046448
0.0
0.16321234297271833
0.25
0.1525206713210586
0.25
1.0
0.8828125
0.0
0.1525206713210586
0.25
0.14717483549522872
0.24074074074074073
1.0
0.890625
0.0
0.14717483549522872
0.24074074074074073
0.14182899966939885
0.25
1.0
0.8984375
0.0
0.14182899966939885
0.25
0.1311373280177391
0.25
1.0
0.9062499403953552
0.0
0.1311373280177391
0.25
0.12579149219190924
0.24074074074074076
1.0
0.9140623807907104
0.0
0.12579149219190924
0.24074074074074076
0.1311373280177391
0.23148148148148148
1.0
0.9218748807907104
0.0
0.1311373280177391
0.23148148148148148
0.12044565636607937
0.2314814814814815
1.0
0.9296873807907104
0.0
0.12044565636607937
0.2314814814814815
0.1150998205402495
0.22222222222222224
1.0
0.9374998211860657
0.0
0.1150998205402495
0.22222222222222224
0.10975398471441963
0.23148148148148148
1.0
0.9453122615814209
0.0
0.10975398471441963
0.23148148148148148
0.09906231306275991
0.23148148148148148
1.0
0.9531247615814209
0.0
0.09906231306275991
0.23148148148148148
0.10440814888858976
0.24074074074074076
1.0
0.9609372615814209
0.0
0.10440814888858976
0.24074074074074076
0.09906231306275991
0.25
1.0
0.9687497019767761
0.0
0.09906231306275991
0.25
0.08837064141110017
0.25
1.0
0.9765621423721313
0.0
0.08837064141110017
0.25
0.08302480558527028
0.24074074074074078
1.0
0.9843746423721313
0.0
0.08302480558527028
0.24074074074074078
0.07767896975944044
0.25
1.0
0.9921871423721313
0.0
0.07767896975944044
0.25
0.0669872981077807
0.25000000000000006
1.0
0.9999995827674866
0.0
0.0669872981077807
0.25000000000000006
0.07233313393361057
0.2592592592592593
0.9921879768371582
1.0
0.0
0.07233313393361057
0.2592592592592593
0.0669872981077807
0.2685185185185186
0.9843754768371582
1.0
0.0
0.0669872981077807
0.2685185185185186
0.07767896975944044
0.2685185185185186
0.9765629768371582
1.0
0.0
0.07767896975944044
0.2685185185185186
0.0830248055852703
0.27777777777777785
0.968750536441803
1.0
0.0
0.0830248055852703
0.27777777777777785
0.07767896975944043
0.2870370370370371
0.9609380960464478
1.0
0.0
0.07767896975944043
0.2870370370370371
0.06698729810778072
0.2870370370370371
0.9531255960464478
1.0
0.0
0.06698729810778072
0.2870370370370371
0.07233313393361057
0.29629629629629634
0.9453130960464478
1.0
0.0
0.07233313393361057
0.29629629629629634
0.0669872981077807
0.3055555555555556
0.9375006556510925
1.0
0.0
0.0669872981077807
0.3055555555555556
0.07767896975944043
0.3055555555555556
0.9296882152557373
1.0
0.0
0.07767896975944043
0.3055555555555556
0.0830248055852703
0.3148148148148148
0.9218757152557373
1.0
0.0
0.0830248055852703
0.3148148148148148
0.08837064141110015
0.3055555555555556
0.9140632152557373
1.0
0.0
0.08837064141110015
0.3055555555555556
0.0990623130627599
0.3055555555555556
0.9062507748603821
1.0
0.0
0.0990623130627599
0.3055555555555556
0.10440814888858976
0.3148148148148148
0.8984383344650269
1.0
0.0
0.10440814888858976
0.3148148148148148
0.0990623130627599
0.3240740740740741
0.8906258344650269
1.0
0.0
0.0990623130627599
0.3240740740740741
0.10975398471441963
0.32407407407407407
0.8828133344650269
1.0
0.0
0.10975398471441963
0.32407407407407407
0.1150998205402495
0.33333333333333337
0.8750008940696716
1.0
0.0
0.1150998205402495
0.33333333333333337
0.10975398471441963
0.3425925925925926
0.8671884536743164
1.0
0.0
0.10975398471441963
0.3425925925925926
0.0990623130627599
0.3425925925925926
0.8593759536743164
1.0
0.0
0.0990623130627599
0.3425925925925926
0.10440814888858976
0.35185185185185186
0.8515634536743164
1.0
0.0
0.10440814888858976
0.35185185185185186
0.09906231306275991
0.36111111111111116
0.8437510132789612
1.0
0.0
0.09906231306275991
0.36111111111111116
0.08837064141110018
0.36111111111111116
0.835938572883606
1.0
0.0
0.08837064141110018
0.36111111111111116
0.08302480558527031
0.3518518518518519
0.828126072883606
1.0
0.0
0.08302480558527031
0.3518518518518519
0.07767896975944044
0.36111111111111116
0.820313572883606
1.0
0.0
0.07767896975944044
0.36111111111111116
0.06698729810778072
0.36111111111111116
0.8125011324882507
1.0
0.0
0.06698729810778072
0.36111111111111116
0.07233313393361059
0.3703703703703704
0.8046886920928955
1.0
0.0
0.07233313393361059
0.3703703703703704
0.0669872981077807
0.3796296296296297
0.7968761920928955
1.0
0.0
0.0669872981077807
0.3796296296296297
0.07767896975944044
0.37962962962962965
0.7890636920928955
1.0
0.0
0.07767896975944044
0.37962962962962965
0.08302480558527031
0.38888888888888895
0.7812512516975403
1.0
0.0
0.08302480558527031
0.38888888888888895
0.07767896975944046
0.3981481481481482
0.7734388113021851
1.0
0.0
0.07767896975944046
0.3981481481481482
0.06698729810778073
0.3981481481481482
0.7656263113021851
1.0
0.0
0.06698729810778073
0.3981481481481482
0.0723331339336106
0.40740740740740744
0.7578138113021851
1.0
0.0
0.0723331339336106
0.40740740740740744
0.06698729810778073
0.4166666666666667
0.7500013709068298
1.0
0.0
0.06698729810778073
0.4166666666666667
0.07767896975944046
0.4166666666666667
0.7421889305114746
1.0
0.0
0.07767896975944046
0.4166666666666667
0.08302480558527033
0.42592592592592593
0.7343764305114746
1.0
0.0
0.08302480558527033
0.42592592592592593
0.08837064141110018
0.4166666666666667
0.7265639305114746
1.0
0.0
0.08837064141110018
0.4166666666666667
0.09906231306275992
0.4166666666666667
0.7187514901161194
1.0
0.0
0.09906231306275992
0.4166666666666667
0.10440814888858979
0.42592592592592593
0.7109390497207642
1.0
0.0
0.10440814888858979
0.42592592592592593
0.09906231306275994
0.4351851851851852
0.7031265497207642
1.0
0.0
0.09906231306275994
0.4351851851851852
0.10975398471441966
0.4351851851851852
0.6953140497207642
1.0
0.0
0.10975398471441966
0.4351851851851852
0.11509982054024952
0.4444444444444444
0.6875016093254089
1.0
0.0
0.11509982054024952
0.4444444444444444
0.12044565636607939
0.4351851851851852
0.6796891689300537
1.0
0.0
0.12044565636607939
0.4351851851851852
0.1311373280177391
0.4351851851851852
0.6718766689300537
1.0
0.0
0.1311373280177391
0.4351851851851852
0.12579149219190924
0.42592592592592593
0.6640641689300537
1.0
0.0
0.12579149219190924
0.42592592592592593
0.1311373280177391
0.4166666666666667
0.6562517285346985
1.0
0.0
0.1311373280177391
0.4166666666666667
0.14182899966939885
0.4166666666666667
0.6484392881393433
1.0
0.0
0.14182899966939885
0.4166666666666667
0.1471748354952287
0.42592592592592593
0.6406267881393433
1.0
0.0
0.1471748354952287
0.42592592592592593
0.15252067132105857
0.4166666666666667
0.6328142881393433
1.0
0.0
0.15252067132105857
0.4166666666666667
0.1632123429727183
0.4166666666666667
0.625001847743988
1.0
0.0
0.1632123429727183
0.4166666666666667
0.16855817879854817
0.42592592592592593
0.6171894073486328
1.0
0.0
0.16855817879854817
0.42592592592592593
0.1632123429727183
0.43518518518518523
0.6093769073486328
1.0
0.0
0.1632123429727183
0.43518518518518523
0.17390401462437804
0.43518518518518523
0.6015644073486328
1.0
0.0
0.17390401462437804
0.43518518518518523
0.17924985045020791
0.4444444444444445
0.5937519669532776
1.0
0.0
0.17924985045020791
0.4444444444444445
0.17390401462437804
0.4537037037037037
0.5859395265579224
1.0
0.0
0.17390401462437804
0.4537037037037037
0.1632123429727183
0.4537037037037038
0.5781270265579224
1.0
0.0
0.1632123429727183
0.4537037037037038
0.16855817879854817
0.462962962962963
0.5703145265579224
1.0
0.0
0.16855817879854817
0.462962962962963
0.16321234297271833
0.47222222222222227
0.5625020861625671
1.0
0.0
0.16321234297271833
0.47222222222222227
0.17390401462437807
0.47222222222222227
0.5546896457672119
1.0
0.0
0.17390401462437807
0.47222222222222227
0.17924985045020794
0.4814814814814815
0.5468771457672119
1.0
0.0
0.17924985045020794
0.4814814814814815
0.18459568627603778
0.4722222222222222
0.5390646457672119
1.0
0.0
0.18459568627603778
0.4722222222222222
0.19528735792769752
0.4722222222222222
0.5312522053718567
1.0
0.0
0.19528735792769752
0.4722222222222222
0.2006331937535274
0.48148148148148145
0.5234397649765015
1.0
0.0
0.2006331937535274
0.48148148148148145
0.19528735792769752
0.49074074074074076
0.5156272649765015
1.0
0.0
0.19528735792769752
0.49074074074074076
0.20597902957935726
0.4907407407407407
0.5078147649765015
1.0
0.0
0.20597902957935726
0.4907407407407407
0.21132486540518713
0.5
0.5000023245811462
1.0
0.0
0.21132486540518713
0.5
0.20597902957935726
0.5092592592592593
0.49218976497650146
1.0
0.0
0.20597902957935726
0.5092592592592593
0.19528735792769752
0.5092592592592593
0.4843772053718567
1.0
0.0
0.19528735792769752
0.5092592592592593
0.2006331937535274
0.5185185185185186
0.4765646457672119
1.0
0.0
0.2006331937535274
0.5185185185185186
0.19528735792769752
0.5277777777777778
0.46875208616256714
1.0
0.0
0.19528735792769752
0.5277777777777778
0.18459568627603778
0.5277777777777778
0.46093952655792236
1.0
0.0
0.18459568627603778
0.5277777777777778
0.17924985045020791
0.5185185185185185
0.4531269669532776
1.0
0.0
0.17924985045020791
0.5185185185185185
0.17390401462437804
0.5277777777777778
0.4453144073486328
1.0
0.0
0.17390401462437804
0.5277777777777778
0.1632123429727183
0.5277777777777778
0.43750184774398804
1.0
0.0
0.1632123429727183
0.5277777777777778
0.16855817879854817
0.5370370370370371
0.42968928813934326
1.0
0.0
0.16855817879854817
0.5370370370370371
0.1632123429727183
0.5462962962962963
0.4218767285346985
1.0
0.0
0.1632123429727183
0.5462962962962963
0.17390401462437804
0.5462962962962963
0.4140641689300537
1.0
0.0
0.17390401462437804
0.5462962962962963
0.17924985045020791
0.5555555555555556
0.40625160932540894
1.0
0.0
0.17924985045020791
0.5555555555555556
0.17390401462437804
0.5648148148148149
0.39843904972076416
1.0
0.0
0.17390401462437804
0.5648148148148149
0.1632123429727183
0.5648148148148149
0.3906264901161194
1.0
0.0
0.1632123429727183
0.5648148148148149
0.16855817879854817
0.5740740740740742
0.3828139305114746
1.0
0.0
0.16855817879854817
0.5740740740740742
0.16321234297271833
0.5833333333333334
0.37500137090682983
1.0
0.0
0.16321234297271833
0.5833333333333334
0.1525206713210586
0.5833333333333334
0.36718881130218506
1.0
0.0
0.1525206713210586
0.5833333333333334
0.14717483549522872
0.5740740740740741
0.3593762516975403
1.0
0.0
0.14717483549522872
0.5740740740740741
0.14182899966939885
0.5833333333333334
0.3515636920928955
1.0
0.0
0.14182899966939885
0.5833333333333334
0.1311373280177391
0.5833333333333334
0.34375113248825073
1.0
0.0
0.1311373280177391
0.5833333333333334
0.12579149219190924
0.5740740740740741
0.33593857288360596
1.0
0.0
0.12579149219190924
0.5740740740740741
0.1311373280177391
0.5648148148148149
0.3281260132789612
1.0
0.0
0.1311373280177391
0.5648148148148149
0.12044565636607937
0.5648148148148149
0.3203134536743164
1.0
0.0
0.12044565636607937
0.5648148148148149
0.1150998205402495
0.5555555555555556
0.31250089406967163
1.0
0.0
0.1150998205402495
0.5555555555555556
0.10975398471441963
0.5648148148148149
0.30468833446502686
1.0
0.0
0.10975398471441963
0.5648148148148149
0.0990623130627599
0.5648148148148149
0.2968757748603821
1.0
0.0
0.0990623130627599
0.5648148148148149
0.10440814888858976
0.5740740740740742
0.2890632152557373
1.0
0.0
0.10440814888858976
0.5740740740740742
0.09906231306275991
0.5833333333333334
0.28125065565109253
1.0
0.0
0.09906231306275991
0.5833333333333334
0.08837064141110017
0.5833333333333334
0.27343809604644775
1.0
0.0
0.08837064141110017
0.5833333333333334
0.0830248055852703
0.5740740740740741
0.265625536441803
1.0
0.0
0.0830248055852703
0.5740740740740741
0.07767896975944044
0.5833333333333334
0.2578129768371582
1.0
0.0
0.07767896975944044
0.5833333333333334
0.0669872981077807
0.5833333333333334
0.2500004172325134
1.0
0.0
0.0669872981077807
0.5833333333333334
0.07233313393361057
0.5925925925925927
0.24218785762786865
1.0
0.0
0.07233313393361057
0.5925925925925927
0.0669872981077807
0.6018518518518519
0.23437529802322388
1.0
0.0
0.0669872981077807
0.6018518518518519
0.07767896975944044
0.6018518518518519
0.2265627384185791
1.0
0.0
0.07767896975944044
0.6018518518518519
0.08302480558527031
0.6111111111111112
0.21875017881393433
1.0
0.0
0.08302480558527031
0.6111111111111112
0.07767896975944044
0.6203703703703705
0.21093761920928955
1.0
0.0
0.07767896975944044
0.6203703703703705
0.06698729810778069
0.6203703703703705
0.20312505960464478
1.0
0.0
0.06698729810778069
0.6203703703703705
0.07233313393361057
0.6296296296296298
0.1953125
1.0
0.0
0.07233313393361057
0.6296296296296298
0.06698729810778069
0.638888888888889
0.18749994039535522
1.0
0.0
0.06698729810778069
0.638888888888889
0.07767896975944043
0.638888888888889
0.17968738079071045
1.0
0.0
0.07767896975944043
0.638888888888889
0.08302480558527031
0.6481481481481483
0.17187482118606567
1.0
0.0
0.08302480558527031
0.6481481481481483
0.08837064141110018
0.638888888888889
0.1640622615814209
1.0
0.0
0.08837064141110018
0.638888888888889
0.09906231306275992
0.638888888888889
0.15624970197677612
1.0
0.0
0.09906231306275992
0.638888888888889
0.10440814888858979
0.6481481481481483
0.14843714237213135
1.0
0.0
0.10440814888858979
0.6481481481481483
0.09906231306275992
0.6574074074074074
0.14062458276748657
1.0
0.0
0.09906231306275992
0.6574074074074074
0.10975398471441966
0.6574074074074074
0.1328120231628418
1.0
0.0
0.10975398471441966
0.6574074074074074
0.11509982054024952
0.6666666666666667
0.12499946355819702
1.0
0.0
0.11509982054024952
0.6666666666666667
0.10975398471441965
0.675925925925926
0.11718690395355225
1.0
0.0
0.10975398471441965
0.675925925925926
0.09906231306275991
0.675925925925926
0.10937434434890747
1.0
0.0
0.09906231306275991
0.675925925925926
0.10440814888858978
0.6851851851851853
0.1015617847442627
1.0
0.0
0.10440814888858978
0.6851851851851853
0.09906231306275991
0.6944444444444445
0.09374922513961792
1.0
0.0
0.09906231306275991
0.6944444444444445
0.08837064141110018
0.6944444444444445
0.08593666553497314
1.0
0.0
0.08837064141110018
0.6944444444444445
0.08302480558527031
0.6851851851851852
0.07812410593032837
1.0
0.0
0.08302480558527031
0.6851851851851852
0.07767896975944046
0.6944444444444445
0.0703115463256836
1.0
0.0
0.07767896975944046
0.6944444444444445
0.06698729810778073
0.6944444444444445
0.06249898672103882
1.0
0.0
0.06698729810778073
0.6944444444444445
0.07233313393361059
0.7037037037037038
0.05468642711639404
1.0
0.0
0.07233313393361059
0.7037037037037038
0.06698729810778072
0.712962962962963
0.04687386751174927
1.0
0.0
0.06698729810778072
0.712962962962963
0.07767896975944044
0.712962962962963
0.03906130790710449
1.0
0.0
0.07767896975944044
0.712962962962963
0.08302480558527031
0.7222222222222223
0.031248748302459717
1.0
0.0
0.08302480558527031
0.7222222222222223
0.07767896975944044
0.7314814814814815
0.02343618869781494
1.0
0.0
0.07767896975944044
0.7314814814814815
0.06698729810778073
0.7314814814814815
0.015623629093170166
1.0
0.0
0.06698729810778073
0.7314814814814815
0.07233313393361057
0.7407407407407407
0.007811069488525391
1.0
0.0
0.07233313393361057
0.7407407407407407
0.0669872981077807
0.75
0.0
1.0
1.4901161193847656E-6
0.9330127018922193
0.75
0.9276668660663895
0.7407407407407407
0.0078125
0.0
1.0
0.9276668660663895
0.7407407407407407
0.9330127018922193
0.7314814814814815
0.01562488079071045
0.0
1.0
0.9330127018922193
0.7314814814814815
0.9223210302405596
0.7314814814814814
0.0234372615814209
0.0
1.0
0.9223210302405596
0.7314814814814814
0.9169751944147297
0.7222222222222222
0.031249642372131348
0.0
1.0
0.9169751944147297
0.7222222222222222
0.9223210302405596
0.7129629629629629
0.0390620231628418
0.0
1.0
0.9223210302405596
0.7129629629629629
0.9330127018922193
0.7129629629629629
0.046874403953552246
0.0
1.0
0.9330127018922193
0.7129629629629629
0.9276668660663894
0.7037037037037037
0.054686784744262695
0.0
1.0
0.9276668660663894
0.7037037037037037
0.9330127018922193
0.6944444444444444
0.062499165534973145
0.0
1.0
0.9330127018922193
0.6944444444444444
0.9223210302405596
0.6944444444444444
0.0703115463256836
0.0
1.0
0.9223210302405596
0.6944444444444444
0.9169751944147296
0.6851851851851851
0.07812392711639404
0.0
1.0
0.9169751944147296
0.6851851851851851
0.9116293585888998
0.6944444444444444
0.08593630790710449
0.0
1.0
0.9116293585888998
0.6944444444444444
0.9009376869372401
0.6944444444444444
0.09374868869781494
0.0
1.0
0.9009376869372401
0.6944444444444444
0.8955918511114103
0.6851851851851851
0.10156106948852539
0.0
1.0
0.8955918511114103
0.6851851851851851
0.9009376869372401
0.6759259259259259
0.10937345027923584
0.0
1.0
0.9009376869372401
0.6759259259259259
0.8902460152855804
0.6759259259259258
0.11718583106994629
0.0
1.0
0.8902460152855804
0.6759259259259258
0.8849001794597505
0.6666666666666666
0.12499821186065674
0.0
1.0
0.8849001794597505
0.6666666666666666
0.8902460152855803
0.6574074074074073
0.1328105926513672
0.0
1.0
0.8902460152855803
0.6574074074074073
0.9009376869372401
0.6574074074074073
0.14062297344207764
0.0
1.0
0.9009376869372401
0.6574074074074073
0.8955918511114103
0.6481481481481481
0.14843535423278809
0.0
1.0
0.8955918511114103
0.6481481481481481
0.9009376869372401
0.6388888888888888
0.15624773502349854
0.0
1.0
0.9009376869372401
0.6388888888888888
0.9116293585888998
0.6388888888888888
0.16406011581420898
0.0
1.0
0.9116293585888998
0.6388888888888888
0.9169751944147297
0.6481481481481481
0.17187249660491943
0.0
1.0
0.9169751944147297
0.6481481481481481
0.9223210302405596
0.6388888888888888
0.17968487739562988
0.0
1.0
0.9223210302405596
0.6388888888888888
0.9330127018922193
0.6388888888888888
0.18749725818634033
0.0
1.0
0.9330127018922193
0.6388888888888888
0.9276668660663895
0.6296296296296295
0.19530963897705078
0.0
1.0
0.9276668660663895
0.6296296296296295
0.9330127018922193
0.6203703703703703
0.20312201976776123
0.0
1.0
0.9330127018922193
0.6203703703703703
0.9223210302405596
0.6203703703703702
0.21093440055847168
0.0
1.0
0.9223210302405596
0.6203703703703702
0.9169751944147297
0.611111111111111
0.21874678134918213
0.0
1.0
0.9169751944147297
0.611111111111111
0.9223210302405596
0.6018518518518517
0.22655916213989258
0.0
1.0
0.9223210302405596
0.6018518518518517
0.9330127018922193
0.6018518518518517
0.23437154293060303
0.0
1.0
0.9330127018922193
0.6018518518518517
0.9276668660663894
0.5925925925925926
0.24218392372131348
0.0
1.0
0.9276668660663894
0.5925925925925926
0.9330127018922193
0.5833333333333333
0.24999630451202393
0.0
1.0
0.9330127018922193
0.5833333333333333
0.9223210302405596
0.5833333333333333
0.2578086853027344
0.0
1.0
0.9223210302405596
0.5833333333333333
0.9169751944147296
0.574074074074074
0.2656210660934448
0.0
1.0
0.9169751944147296
0.574074074074074
0.9116293585888998
0.5833333333333333
0.2734334468841553
0.0
1.0
0.9116293585888998
0.5833333333333333
0.9009376869372401
0.5833333333333333
0.2812458276748657
0.0
1.0
0.9009376869372401
0.5833333333333333
0.8955918511114102
0.574074074074074
0.28905820846557617
0.0
1.0
0.8955918511114102
0.574074074074074
0.9009376869372401
0.5648148148148147
0.2968705892562866
0.0
1.0
0.9009376869372401
0.5648148148148147
0.8902460152855802
0.5648148148148147
0.30468297004699707
0.0
1.0
0.8902460152855802
0.5648148148148147
0.8849001794597504
0.5555555555555555
0.3124953508377075
0.0
1.0
0.8849001794597504
0.5555555555555555
0.8795543436339206
0.5648148148148148
0.32030773162841797
0.0
1.0
0.8795543436339206
0.5648148148148148
0.8688626719822609
0.5648148148148148
0.3281201124191284
0.0
1.0
0.8688626719822609
0.5648148148148148
0.8742085078080908
0.574074074074074
0.33593249320983887
0.0
1.0
0.8742085078080908
0.574074074074074
0.8688626719822609
0.5833333333333333
0.3437448740005493
0.0
1.0
0.8688626719822609
0.5833333333333333
0.8581710003306011
0.5833333333333333
0.35155725479125977
0.0
1.0
0.8581710003306011
0.5833333333333333
0.8528251645047712
0.574074074074074
0.3593696355819702
0.0
1.0
0.8528251645047712
0.574074074074074
0.8474793286789414
0.5833333333333333
0.36718201637268066
0.0
1.0
0.8474793286789414
0.5833333333333333
0.8367876570272816
0.5833333333333333
0.3749943971633911
0.0
1.0
0.8367876570272816
0.5833333333333333
0.8314418212014518
0.574074074074074
0.38280677795410156
0.0
1.0
0.8314418212014518
0.574074074074074
0.8367876570272816
0.5648148148148148
0.390619158744812
0.0
1.0
0.8367876570272816
0.5648148148148148
0.826095985375622
0.5648148148148147
0.39843153953552246
0.0
1.0
0.826095985375622
0.5648148148148147
0.8207501495497921
0.5555555555555555
0.4062439203262329
0.0
1.0
0.8207501495497921
0.5555555555555555
0.8260959853756219
0.5462962962962963
0.41405630111694336
0.0
1.0
0.8260959853756219
0.5462962962962963
0.8367876570272816
0.5462962962962963
0.4218686819076538
0.0
1.0
0.8367876570272816
0.5462962962962963
0.8314418212014518
0.537037037037037
0.42968106269836426
0.0
1.0
0.8314418212014518
0.537037037037037
0.8367876570272816
0.5277777777777778
0.4374934434890747
0.0
1.0
0.8367876570272816
0.5277777777777778
0.8260959853756219
0.5277777777777778
0.44530582427978516
0.0
1.0
0.8260959853756219
0.5277777777777778
0.8207501495497921
0.5185185185185185
0.4531182050704956
0.0
1.0
0.8207501495497921
0.5185185185185185
0.8154043137239622
0.5277777777777777
0.46093058586120605
0.0
1.0
0.8154043137239622
0.5277777777777777
0.8047126420723025
0.5277777777777777
0.4687429666519165
0.0
1.0
0.8047126420723025
0.5277777777777777
0.7993668062464726
0.5185185185185185
0.47655534744262695
0.0
1.0
0.7993668062464726
0.5185185185185185
0.8047126420723024
0.5092592592592592
0.4843677282333374
0.0
1.0
0.8047126420723024
0.5092592592592592
0.7940209704206427
0.5092592592592593
0.49218010902404785
0.0
1.0
0.7940209704206427
0.5092592592592593
0.7886751345948129
0.5
0.4999924898147583
0.0
1.0
0.7886751345948129
0.5
0.7940209704206427
0.49074074074074076
0.5078048706054688
0.0
1.0
0.7940209704206427
0.49074074074074076
0.8047126420723024
0.4907407407407407
0.5156172513961792
0.0
1.0
0.8047126420723024
0.4907407407407407
0.7993668062464725
0.4814814814814815
0.5234296321868896
0.0
1.0
0.7993668062464725
0.4814814814814815
0.8047126420723024
0.4722222222222222
0.5312420129776001
0.0
1.0
0.8047126420723024
0.4722222222222222
0.8154043137239622
0.4722222222222222
0.5390543937683105
0.0
1.0
0.8154043137239622
0.4722222222222222
0.820750149549792
0.48148148148148145
0.546866774559021
0.0
1.0
0.820750149549792
0.48148148148148145
0.8260959853756219
0.4722222222222222
0.5546791553497314
0.0
1.0
0.8260959853756219
0.4722222222222222
0.8367876570272816
0.4722222222222222
0.5624915361404419
0.0
1.0
0.8367876570272816
0.4722222222222222
0.8314418212014517
0.46296296296296297
0.5703039169311523
0.0
1.0
0.8314418212014517
0.46296296296296297
0.8367876570272816
0.45370370370370366
0.5781162977218628
0.0
1.0
0.8367876570272816
0.45370370370370366
0.8260959853756218
0.4537037037037037
0.5859286785125732
0.0
1.0
0.8260959853756218
0.4537037037037037
0.820750149549792
0.4444444444444444
0.5937410593032837
0.0
1.0
0.820750149549792
0.4444444444444444
0.8260959853756219
0.4351851851851852
0.6015534400939941
0.0
1.0
0.8260959853756219
0.4351851851851852
0.8367876570272816
0.4351851851851852
0.6093658208847046
0.0
1.0
0.8367876570272816
0.4351851851851852
0.8314418212014518
0.42592592592592593
0.617178201675415
0.0
1.0
0.8314418212014518
0.42592592592592593
0.8367876570272816
0.4166666666666667
0.6249905824661255
0.0
1.0
0.8367876570272816
0.4166666666666667
0.8474793286789414
0.4166666666666667
0.6328029632568359
0.0
1.0
0.8474793286789414
0.4166666666666667
0.8528251645047713
0.42592592592592593
0.6406153440475464
0.0
1.0
0.8528251645047713
0.42592592592592593
0.8581710003306011
0.4166666666666667
0.6484277248382568
0.0
1.0
0.8581710003306011
0.4166666666666667
0.8688626719822609
0.4166666666666667
0.6562401056289673
0.0
1.0
0.8688626719822609
0.4166666666666667
0.8742085078080907
0.42592592592592593
0.6640524864196777
0.0
1.0
0.8742085078080907
0.42592592592592593
0.8688626719822609
0.4351851851851852
0.6718648672103882
0.0
1.0
0.8688626719822609
0.4351851851851852
0.8795543436339206
0.4351851851851852
0.6796772480010986
0.0
1.0
0.8795543436339206
0.4351851851851852
0.8849001794597504
0.4444444444444444
0.6874896287918091
0.0
1.0
0.8849001794597504
0.4444444444444444
0.8902460152855803
0.4351851851851852
0.6953020095825195
0.0
1.0
0.8902460152855803
0.4351851851851852
0.9009376869372401
0.4351851851851852
0.70311439037323
0.0
1.0
0.9009376869372401
0.4351851851851852
0.8955918511114103
0.42592592592592593
0.7109267711639404
0.0
1.0
0.8955918511114103
0.42592592592592593
0.9009376869372401
0.41666666666666663
0.7187391519546509
0.0
1.0
0.9009376869372401
0.41666666666666663
0.9116293585888998
0.41666666666666663
0.7265515327453613
0.0
1.0
0.9116293585888998
0.41666666666666663
0.9169751944147296
0.4259259259259259
0.7343639135360718
0.0
1.0
0.9169751944147296
0.4259259259259259
0.9223210302405596
0.41666666666666663
0.7421762943267822
0.0
1.0
0.9223210302405596
0.41666666666666663
0.9330127018922192
0.41666666666666663
0.7499886751174927
0.0
1.0
0.9330127018922192
0.41666666666666663
0.9276668660663894
0.4074074074074074
0.7578010559082031
0.0
1.0
0.9276668660663894
0.4074074074074074
0.9330127018922192
0.39814814814814814
0.7656134366989136
0.0
1.0
0.9330127018922192
0.39814814814814814
0.9223210302405596
0.39814814814814814
0.773425817489624
0.0
1.0
0.9223210302405596
0.39814814814814814
0.9169751944147296
0.3888888888888889
0.7812381982803345
0.0
1.0
0.9169751944147296
0.3888888888888889
0.9223210302405594
0.37962962962962965
0.7890505790710449
0.0
1.0
0.9223210302405594
0.37962962962962965
0.9330127018922192
0.3796296296296296
0.7968629598617554
0.0
1.0
0.9330127018922192
0.3796296296296296
0.9276668660663894
0.37037037037037035
0.8046753406524658
0.0
1.0
0.9276668660663894
0.37037037037037035
0.9330127018922192
0.3611111111111111
0.8124877214431763
0.0
1.0
0.9330127018922192
0.3611111111111111
0.9223210302405594
0.3611111111111111
0.8203001022338867
0.0
1.0
0.9223210302405594
0.3611111111111111
0.9169751944147296
0.3518518518518519
0.8281124830245972
0.0
1.0
0.9169751944147296
0.3518518518518519
0.9116293585888997
0.36111111111111116
0.8359248638153076
0.0
1.0
0.9116293585888997
0.36111111111111116
0.9009376869372401
0.36111111111111116
0.8437372446060181
0.0
1.0
0.9009376869372401
0.36111111111111116
0.8955918511114102
0.3518518518518519
0.8515496253967285
0.0
1.0
0.8955918511114102
0.3518518518518519
0.9009376869372401
0.3425925925925926
0.859362006187439
0.0
1.0
0.9009376869372401
0.3425925925925926
0.8902460152855802
0.34259259259259267
0.8671743869781494
0.0
1.0
0.8902460152855802
0.34259259259259267
0.8849001794597504
0.33333333333333337
0.8749867677688599
0.0
1.0
0.8849001794597504
0.33333333333333337
0.8902460152855802
0.3240740740740741
0.8827991485595703
0.0
1.0
0.8902460152855802
0.3240740740740741
0.90093768693724
0.32407407407407407
0.8906115293502808
0.0
1.0
0.90093768693724
0.32407407407407407
0.89559185111141
0.3148148148148149
0.8984239101409912
0.0
1.0
0.89559185111141
0.3148148148148149
0.90093768693724
0.3055555555555556
0.9062362909317017
0.0
1.0
0.90093768693724
0.3055555555555556
0.9116293585888997
0.3055555555555556
0.9140486717224121
0.0
1.0
0.9116293585888997
0.3055555555555556
0.9169751944147295
0.3148148148148148
0.9218610525131226
0.0
1.0
0.9169751944147295
0.3148148148148148
0.9223210302405594
0.3055555555555556
0.929673433303833
0.0
1.0
0.9223210302405594
0.3055555555555556
0.9330127018922192
0.3055555555555556
0.9374858140945435
0.0
1.0
0.9330127018922192
0.3055555555555556
0.9276668660663893
0.29629629629629634
0.9452981948852539
0.0
1.0
0.9276668660663893
0.29629629629629634
0.9330127018922192
0.28703703703703703
0.9531105756759644
0.0
1.0
0.9330127018922192
0.28703703703703703
0.9223210302405593
0.2870370370370371
0.9609229564666748
0.0
1.0
0.9223210302405593
0.2870370370370371
0.9169751944147295
0.2777777777777778
0.9687353372573853
0.0
1.0
0.9169751944147295
0.2777777777777778
0.9223210302405594
0.26851851851851855
0.9765477180480957
0.0
1.0
0.9223210302405594
0.26851851851851855
0.9330127018922192
0.26851851851851855
0.9843600988388062
0.0
1.0
0.9330127018922192
0.26851851851851855
0.9276668660663894
0.2592592592592593
0.9921724796295166
0.0
1.0
0.9276668660663894
0.2592592592592593
0.9330127018922192
0.25
0.999984860420227
0.0
1.0
0.9330127018922192
0.25
0.9223210302405594
0.25
1.0
0.0
0.9922027587890625
0.9223210302405594
0.25
0.9169751944147295
0.24074074074074073
1.0
0.0
0.984390377998352
0.9169751944147295
0.24074074074074073
0.9116293585888997
0.25
1.0
0.0
0.9765779972076416
0.9116293585888997
0.25
0.90093768693724
0.25
1.0
0.0
0.9687656164169312
0.90093768693724
0.25
0.8955918511114102
0.24074074074074076
1.0
0.0
0.9609532356262207
0.8955918511114102
0.24074074074074076
0.90093768693724
0.2314814814814815
1.0
0.0
0.9531408548355103
0.90093768693724
0.2314814814814815
0.8902460152855802
0.2314814814814815
1.0
0.0
0.9453284740447998
0.8902460152855802
0.2314814814814815
0.8849001794597504
0.22222222222222224
1.0
0.0
0.9375160932540894
0.8849001794597504
0.22222222222222224
0.8795543436339205
0.23148148148148148
1.0
0.0
0.9297037124633789
0.8795543436339205
0.23148148148148148
0.8688626719822607
0.23148148148148148
1.0
0.0
0.9218913316726685
0.8688626719822607
0.23148148148148148
0.8742085078080906
0.24074074074074076
1.0
0.0
0.914078950881958
0.8742085078080906
0.24074074074074076
0.8688626719822607
0.25
1.0
0.0
0.9062665700912476
0.8688626719822607
0.25
0.858171000330601
0.25
1.0
0.0
0.8984541893005371
0.858171000330601
0.25
0.8528251645047712
0.24074074074074078
1.0
0.0
0.8906418085098267
0.8528251645047712
0.24074074074074078
0.8474793286789413
0.25
1.0
0.0
0.8828294277191162
0.8474793286789413
0.25
0.8367876570272816
0.25
1.0
0.0
0.8750170469284058
0.8367876570272816
0.25
0.8314418212014517
0.24074074074074076
1.0
0.0
0.8672046661376953
0.8314418212014517
0.24074074074074076
0.8367876570272816
0.23148148148148148
1.0
0.0
0.8593922853469849
0.8367876570272816
0.23148148148148148
0.8260959853756218
0.2314814814814815
1.0
0.0
0.8515799045562744
0.8260959853756218
0.2314814814814815
0.820750149549792
0.22222222222222224
1.0
0.0
0.843767523765564
0.820750149549792
0.22222222222222224
0.8260959853756219
0.21296296296296297
1.0
0.0
0.8359551429748535
0.8260959853756219
0.21296296296296297
0.8367876570272816
0.21296296296296297
1.0
0.0
0.8281427621841431
0.8367876570272816
0.21296296296296297
0.8314418212014518
0.2037037037037037
1.0
0.0
0.8203303813934326
0.8314418212014518
0.2037037037037037
0.8367876570272816
0.19444444444444442
1.0
0.0
0.8125180006027222
0.8367876570272816
0.19444444444444442
0.8260959853756219
0.19444444444444445
1.0
0.0
0.8047056198120117
0.8260959853756219
0.19444444444444445
0.820750149549792
0.18518518518518515
1.0
0.0
0.7968932390213013
0.820750149549792
0.18518518518518515
0.8154043137239622
0.19444444444444448
1.0
0.0
0.7890808582305908
0.8154043137239622
0.19444444444444448
0.8047126420723023
0.19444444444444448
1.0
0.0
0.7812684774398804
0.8047126420723023
0.19444444444444448
0.7993668062464725
0.18518518518518523
1.0
0.0
0.7734560966491699
0.7993668062464725
0.18518518518518523
0.8047126420723023
0.17592592592592599
1.0
0.0
0.7656437158584595
0.8047126420723023
0.17592592592592599
0.7940209704206427
0.17592592592592599
1.0
0.0
0.757831335067749
0.7940209704206427
0.17592592592592599
0.7886751345948128
0.1666666666666667
1.0
0.0
0.7500189542770386
0.7886751345948128
0.1666666666666667
0.7833292987689829
0.17592592592592596
1.0
0.0
0.7422065734863281
0.7833292987689829
0.17592592592592596
0.7726376271173232
0.17592592592592599
1.0
0.0
0.7343941926956177
0.7726376271173232
0.17592592592592599
0.777983462943153
0.18518518518518523
1.0
0.0
0.7265818119049072
0.777983462943153
0.18518518518518523
0.7726376271173232
0.19444444444444448
1.0
0.0
0.7187694311141968
0.7726376271173232
0.19444444444444448
0.7619459554656635
0.19444444444444448
1.0
0.0
0.7109570503234863
0.7619459554656635
0.19444444444444448
0.7566001196398335
0.18518518518518523
1.0
0.0
0.7031446695327759
0.7566001196398335
0.18518518518518523
0.7512542838140037
0.19444444444444448
1.0
0.0
0.6953322887420654
0.7512542838140037
0.19444444444444448
0.740562612162344
0.1944444444444445
1.0
0.0
0.687519907951355
0.740562612162344
0.1944444444444445
0.7459084479881739
0.20370370370370375
1.0
0.0
0.6797075271606445
0.7459084479881739
0.20370370370370375
0.740562612162344
0.21296296296296302
1.0
0.0
0.6718951463699341
0.740562612162344
0.21296296296296302
0.7512542838140037
0.212962962962963
1.0
0.0
0.6640827655792236
0.7512542838140037
0.212962962962963
0.7566001196398336
0.22222222222222224
1.0
0.0
0.6562703847885132
0.7566001196398336
0.22222222222222224
0.7512542838140038
0.23148148148148148
1.0
0.0
0.6484580039978027
0.7512542838140038
0.23148148148148148
0.7405626121623441
0.2314814814814815
1.0
0.0
0.6406456232070923
0.7405626121623441
0.2314814814814815
0.7459084479881739
0.24074074074074076
1.0
0.0
0.6328332424163818
0.7459084479881739
0.24074074074074076
0.7405626121623441
0.25
1.0
0.0
0.6250208616256714
0.7405626121623441
0.25
0.7298709405106844
0.25
1.0
0.0
0.6172084808349609
0.7298709405106844
0.25
0.7245251046848544
0.24074074074074073
1.0
0.0
0.6093961000442505
0.7245251046848544
0.24074074074074073
0.7191792688590246
0.25
1.0
0.0
0.60158371925354
0.7191792688590246
0.25
0.7084875972073649
0.25
1.0
0.0
0.5937713384628296
0.7084875972073649
0.25
0.703141761381535
0.24074074074074073
1.0
0.0
0.5859589576721191
0.703141761381535
0.24074074074074073
0.7084875972073649
0.23148148148148145
1.0
0.0
0.5781465768814087
0.7084875972073649
0.23148148148148145
0.6977959255557051
0.23148148148148145
1.0
0.0
0.5703341960906982
0.6977959255557051
0.23148148148148145
0.6924500897298752
0.2222222222222222
1.0
0.0
0.5625218152999878
0.6924500897298752
0.2222222222222222
0.6871042539040454
0.23148148148148148
1.0
0.0
0.5547094345092773
0.6871042539040454
0.23148148148148148
0.6764125822523857
0.23148148148148148
1.0
0.0
0.5468970537185669
0.6764125822523857
0.23148148148148148
0.6817584180782155
0.24074074074074076
1.0
0.0
0.5390846729278564
0.6817584180782155
0.24074074074074076
0.6764125822523857
0.25
1.0
0.0
0.531272292137146
0.6764125822523857
0.25
0.6657209106007259
0.25
1.0
0.0
0.5234599113464355
0.6657209106007259
0.25
0.660375074774896
0.24074074074074073
1.0
0.0
0.5156475305557251
0.660375074774896
0.24074074074074073
0.6550292389490662
0.25
1.0
0.0
0.5078351497650146
0.6550292389490662
0.25
0.6443375672974064
0.25
1.0
0.0
0.5000227689743042
0.6443375672974064
0.25
0.6389917314715766
0.24074074074074076
1.0
0.0
0.49221038818359375
0.6389917314715766
0.24074074074074076
0.6443375672974064
0.2314814814814815
1.0
0.0
0.4843980073928833
0.6443375672974064
0.2314814814814815
0.6336458956457467
0.2314814814814815
1.0
0.0
0.47658562660217285
0.6336458956457467
0.2314814814814815
0.6283000598199169
0.22222222222222224
1.0
0.0
0.4687732458114624
0.6283000598199169
0.22222222222222224
0.6336458956457467
0.212962962962963
1.0
0.0
0.46096086502075195
0.6336458956457467
0.212962962962963
0.6443375672974064
0.21296296296296297
1.0
0.0
0.4531484842300415
0.6443375672974064
0.21296296296296297
0.6389917314715765
0.20370370370370372
1.0
0.0
0.44533610343933105
0.6389917314715765
0.20370370370370372
0.6443375672974064
0.19444444444444448
1.0
0.0
0.4375237226486206
0.6443375672974064
0.19444444444444448
0.6336458956457467
0.19444444444444448
1.0
0.0
0.42971134185791016
0.6336458956457467
0.19444444444444448
0.6283000598199168
0.1851851851851852
1.0
0.0
0.4218989610671997
0.6283000598199168
0.1851851851851852
0.622954223994087
0.19444444444444448
1.0
0.0
0.41408658027648926
0.622954223994087
0.19444444444444448
0.6122625523424272
0.19444444444444448
1.0
0.0
0.4062741994857788
0.6122625523424272
0.19444444444444448
0.6069167165165974
0.1851851851851852
1.0
0.0
0.39846181869506836
0.6069167165165974
0.1851851851851852
0.6122625523424272
0.17592592592592596
1.0
0.0
0.3906494379043579
0.6122625523424272
0.17592592592592596
0.6015708806907676
0.17592592592592593
1.0
0.0
0.38283705711364746
0.6015708806907676
0.17592592592592593
0.5962250448649377
0.16666666666666669
1.0
0.0
0.375024676322937
0.5962250448649377
0.16666666666666669
0.6015708806907675
0.1574074074074074
1.0
0.0
0.36721229553222656
0.6015708806907675
0.1574074074074074
0.6122625523424272
0.1574074074074074
1.0
0.0
0.3593999147415161
0.6122625523424272
0.1574074074074074
0.6069167165165974
0.14814814814814814
1.0
0.0
0.35158753395080566
0.6069167165165974
0.14814814814814814
0.6122625523424272
0.1388888888888889
1.0
0.0
0.3437751531600952
0.6122625523424272
0.1388888888888889
0.622954223994087
0.1388888888888889
1.0
0.0
0.33596277236938477
0.622954223994087
0.1388888888888889
0.6283000598199169
0.14814814814814814
1.0
0.0
0.3281503915786743
0.6283000598199169
0.14814814814814814
0.6336458956457467
0.1388888888888889
1.0
0.0
0.32033801078796387
0.6336458956457467
0.1388888888888889
0.6443375672974064
0.13888888888888887
1.0
0.0
0.3125256299972534
0.6443375672974064
0.13888888888888887
0.6389917314715766
0.12962962962962962
1.0
0.0
0.30471324920654297
0.6389917314715766
0.12962962962962962
0.6443375672974064
0.12037037037037038
1.0
0.0
0.2969008684158325
0.6443375672974064
0.12037037037037038
0.6336458956457467
0.12037037037037036
1.0
0.0
0.28908848762512207
0.6336458956457467
0.12037037037037036
0.6283000598199169
0.1111111111111111
1.0
0.0
0.2812761068344116
0.6283000598199169
0.1111111111111111
0.6336458956457467
0.10185185185185185
1.0
0.0
0.27346372604370117
0.6336458956457467
0.10185185185185185
0.6443375672974064
0.10185185185185182
1.0
0.0
0.2656513452529907
0.6443375672974064
0.10185185185185182
0.6389917314715765
0.09259259259259259
1.0
0.0
0.2578389644622803
0.6389917314715765
0.09259259259259259
0.6443375672974064
0.08333333333333331
1.0
0.0
0.2500265836715698
0.6443375672974064
0.08333333333333331
0.6336458956457467
0.08333333333333331
1.0
0.0
0.24221420288085938
0.6336458956457467
0.08333333333333331
0.6283000598199168
0.07407407407407406
1.0
0.0
0.23440182209014893
0.6283000598199168
0.07407407407407406
0.622954223994087
0.08333333333333331
1.0
0.0
0.22658944129943848
0.622954223994087
0.08333333333333331
0.6122625523424272
0.08333333333333333
1.0
0.0
0.21877706050872803
0.6122625523424272
0.08333333333333333
0.6069167165165973
0.07407407407407407
1.0
0.0
0.21096467971801758
0.6069167165165973
0.07407407407407407
0.6122625523424272
0.06481481481481478
1.0
0.0
0.20315229892730713
0.6122625523424272
0.06481481481481478
0.6015708806907674
0.0648148148148148
1.0
0.0
0.19533991813659668
0.6015708806907674
0.0648148148148148
0.5962250448649375
0.05555555555555554
1.0
0.0
0.18752753734588623
0.5962250448649375
0.05555555555555554
0.5908792090391077
0.06481481481481481
1.0
0.0
0.17971515655517578
0.5908792090391077
0.06481481481481481
0.580187537387448
0.06481481481481483
1.0
0.0
0.17190277576446533
0.580187537387448
0.06481481481481483
0.5855333732132779
0.07407407407407407
1.0
0.0
0.16409039497375488
0.5855333732132779
0.07407407407407407
0.580187537387448
0.08333333333333334
1.0
0.0
0.15627801418304443
0.580187537387448
0.08333333333333334
0.5694958657357883
0.08333333333333334
1.0
0.0
0.14846563339233398
0.5694958657357883
0.08333333333333334
0.5641500299099583
0.07407407407407408
1.0
0.0
0.14065325260162354
0.5641500299099583
0.07407407407407408
0.5588041940841285
0.08333333333333334
1.0
0.0
0.13284087181091309
0.5588041940841285
0.08333333333333334
0.5481125224324688
0.08333333333333334
1.0
0.0
0.12502849102020264
0.5481125224324688
0.08333333333333334
0.542766686606639
0.07407407407407408
1.0
0.0
0.11721611022949219
0.542766686606639
0.07407407407407408
0.5481125224324688
0.06481481481481484
1.0
0.0
0.10940372943878174
0.5481125224324688
0.06481481481481484
0.5374208507808091
0.06481481481481483
1.0
0.0
0.10159134864807129
0.5374208507808091
0.06481481481481483
0.5320750149549792
0